85
075506
151
061853
178
051418
173
090723
144
063256
294
102549
150
100720
122
065941
107
041918
115
114507
243
045512
214
102849
196
052607
269
062627
83
065843
295
043622
199
073623
20
043736
248
092539
274
115553
57
114559
235
060701
11
052748
38
075941
95
065332
82
062049
101
062145
287
110102
53
114324
118
111849
19
101430
183
062902
271
104904
86
095855
102
110318
136
115850
119
043817
76
111213
265
052640
80
082444
127
054127
279
085108
4
115803
94
042238
197
095859
13
110448
176
064228
158
061442
36
090605
152
042339
61
112905
117
101813
275
092149
69
043524
222
092450
206
041521
283
041317
200
050719
18
050215
261
075111
47
050608
141
063205
259
082231
55
053621
260
092415
157
101134
285
043913
6
062409
106
070502
23
042346
246
104427
240
090219
30
074403
41
111327
88
101524
180
111610
291
071913
195
075838
137
103049
281
054440
258
075023
15
091224
194
104500
37
042836
52
055925
77
061742
62
114713
43
103022
67
080557
109
042601
263
061535
233
073910
143
060833
59
081409
208
061721
129
101046
184
073145
93
093956
121
065353
147
054330
100
051558
91
040306
298
082744
262
043305
124
110658
185
101401
146
083940
211
053655
81
063029
267
114807
139
045739
224
105503
168
040927
24
074114
42
074951
247
041254
174
075317
251
083911
45
091141
70
103421
231
115416
92
062956
216
053901
63
114114
257
091644
202
094315
284
085019
160
092350
187
112152
225
063215
226
100756
264
055608
177
053854
114
044245
14
094007
170
071227
161
092602
58
054153
35
090005
31
061807
27
100256
49
092939
203
091802
198
101811
249
063631
29
084148
223
085747
79
105107
218
040923
8
113311
1
074017
181
084228
228
091125
56
043235
155
074043
110
073123
32
063900
182
103842
74
091534
236
115042
238
112132
207
090832
209
111212
148
041828
34
073308
75
072712
288
083021
237
042400
165
051305
245
091747
227
081404
210
115700
270
060743
280
044706
296
050628
162
065837
232
065338
90
073906
96
050913
103
065327
239
080859
123
064611
128
085119
252
104404
254
051738
273
091154
12
043524
48
100905
192
083410
78
073518
159
053808
16
092513
7
071138
213
103101
278
075034
234
105927
125
111850
277
095831
293
070210
244
092619
253
041109
71
052837
201
053648
46
040512
126
060900
142
113610
54
045028
39
094411
268
051938
116
104604
40
110642
60
091624
282
095808
153
071503
292
115137
289
094331
98
061930
188
083416
220
092556
242
044337
179
095633
104
090408
51
073836
17
111407
133
040521
189
085638
138
044515
217
091229
272
081700
64
115302
131
050457
219
102452
276
103726
99
070604
191
111613
250
050216
145
104613
87
104657
28
105212
186
060549
205
052342
215
085525
255
041810
221
114603
230
091250
97
053325
204
081057
22
063414
89
083244
135
115850
266
102349
256
115627
112
111552
140
072614
297
070121
9
050645
2
092549
